tree
version=v4
num_class=1
num_tree_per_iteration=1
label_index=0
max_feature_idx=17
objective=binary sigmoid:1
feature_names=ATR ADX STOCH_%K STOCHRSI_%K STOCHRSI_%D MACD_Signal MACD_Hist Ultimate_Osc MA_200 Min_21 Min_50 Min_100 Min_200 MA_10_50_ratio MA_50_200_ratio Min_100_Max_100_ratio Min_200_Max_200_ratio High_14
feature_infos=[0.01127142857142863:0.042842857142857023] [8.5323397723209347:65.240314873377812] [0:100] [0:100] [0:100] [-0.029642413144565383:0.044066884599404374] [-0.019887276998471141:0.011534027648526513] [17.735538796157414:89.090611874288371] [3.5751100000000005:4.2234810000000005] [3.5324:4.2891000000000004] [3.5324:4.2336] [3.5324:4.1835000000000004] [3.5324:4.1342999999999996] [0.97640695007086575:1.0340490404570961] [0.96845424533032198:1.0592584087275057] [0.90512195121951222:0.98849875867659731] [0.86000921949680964:0.98069031494675352] [3.5604:4.3261000000000003]
tree_sizes=859 1085 1080 1189 1196 1082 1190 1291 1091 1089 1092 1088 985 1081 884 883 868 774 1084 766 673 670 766 967 669 668 969 773 768 674 665 665 771 772 670 666 666 670 671 672 671 667 884 872 666 772 776 770 770 772 667 668 772 667 670 667 764 767 772 771 667 665 776 665 769 771 670 769 667 669 666 665 671 671 673 671 669 663 670 670 667 672 672 668 671 669 668 665 566 668 567 565 668 667 569 568 567 570 667 564

Tree=0
num_leaves=7
num_cat=0
split_feature=12 13 6 1 1 2
split_gain=215.681 237.105 11.7969 13.2959 1.42933 0.169943
threshold=3.5354000000000005 1.0046418524622014 -0.0015627298936420539 24.615614463988116 42.683816040252644 88.363759095466591
decision_type=10 10 2 2 2 2
left_child=1 -1 3 -2 5 -4
right_child=2 -3 4 -5 -6 -7
leaf_value=-3.2545665389097493 -3.3054945437657346 -2.4182102619538748 -3.3161538936193131 -3.1492498728636553 -3.262704867924942 -3.2983375517211893
leaf_weight=5.9829422011971456 8.6420276239514369 5.5397612974047661 37.448786370456219 9.9346385933458787 5.1704438775777808 5.1704438775777808
leaf_count=162 234 150 1014 269 140 140
internal_value=-3.22036 -2.85247 -3.28423 -3.22194 -3.30844 -3.31399
internal_weight=0 11.5227 66.3663 18.5767 47.7897 42.6192
internal_count=2109 312 1797 503 1294 1154
is_linear=0
shrinkage=1


Tree=1
num_leaves=9
num_cat=0
split_feature=12 11 1 3 1 5 8 15
split_gain=120.518 80.4014 19.5943 11.8658 19.6412 1.75377 0.922562 0.341903
threshold=3.5354000000000005 3.6407500000000002 29.141534612893995 16.967996897616654 32.599468382935896 0.0030513577977612357 3.8030877500000004 0.94753014108769107
decision_type=10 10 2 10 2 2 10 10
left_child=1 2 -1 4 5 -2 -5 -8
right_child=3 -3 -4 6 -6 -7 7 -9
leaf_value=-0.079970293234550571 -0.09559503709489213 0.45434995601104367 0.17703794134610232 -0.053718845312672452 0.15464281201794347 -0.022345154239471119 -0.075106622927499117 -0.095534324180662281
leaf_weight=5.0653668120503443 6.1800028868019599 6.9929149411618701 5.0040424503386021 6.6028346605598918 5.1471743360161772 5.0320918560028076 8.9890670739114267 30.692099295556545
leaf_count=102 177 124 86 190 136 145 257 892
internal_value=0 0.214394 0.0477512 -0.0617661 0.00566975 -0.0627198 -0.0856016 -0.0909068
internal_weight=0 17.0623 10.0694 62.6433 16.3593 11.2121 46.284 39.6812
internal_count=2109 312 188 1797 458 322 1339 1149
is_linear=0
shrinkage=0.0921184


Tree=2
num_leaves=9
num_cat=0
split_feature=12 13 15 6 1 0 1 2
split_gain=84.7416 60.3598 103.494 11.2148 10.4736 17.2839 1.4041 0.169443
threshold=3.5354000000000005 1.0046418524622014 0.94561156761398868 -0.0015627298936420539 24.615614463988116 0.025907142857142813 42.050768007100636 86.378020713463741
decision_type=10 8 10 2 2 2 2 2
left_child=1 -1 -3 4 -2 -6 7 -5
right_child=3 2 -4 6 5 -7 -8 -9
leaf_value=-0.096747074715086881 -0.082951243730090482 0.026156035270707551 0.51133367802308605 -0.095220976021982096 0.17380281911152523 -0.060721786334473254 -0.040822115076956322 -0.077046409883810674
leaf_weight=5.7591900490224388 7.4776700325310257 7.9390619993209821 7.0384528487920761 30.98610789142549 5.4581054933369142 5.213891513645649 5.0541219096630803 5.0644599627703419
leaf_count=134 234 106 72 985 135 134 149 160
internal_value=0 0.156701 0.254158 -0.059663 0.000647686 0.0592239 -0.086293 -0.0926678
internal_weight=0 20.7367 14.9775 59.2544 18.1497 10.672 41.1047 36.0506
internal_count=2109 312 178 1797 503 269 1294 1145
is_linear=0
shrinkage=0.0921184


Tree=3
num_leaves=10
num_cat=0
split_feature=12 13 15 3 16 14 6 8 15
split_gain=63.1663 38.2409 45.122 11.0489 15.3084 8.20963 2.71074 1.00939 0.384511
threshold=3.5354000000000005 1.0046418524622014 0.94561156761398868 16.967996897616654 0.92706614755888761 1.0005245184365668 -0.0026470385119780927 3.8030877500000004 0.94753014108769107
decision_type=10 8 10 10 10 10 2 10 10
left_child=1 -1 -3 4 -2 -4 -6 -5 -9
right_child=3 2 5 7 6 -7 -8 8 -10
leaf_value=-0.096322279362006116 0.13862197748126551 0.023220422352095309 0.23197648233715967 -0.048397670913908446 -0.0039901177924433658 0.39758696263912741 -0.09559582494303652 -0.071826434700413264 -0.095025676448472221
leaf_weight=5.2744417227804687 5.1056113522499826 8.1101050898432749 5.0916826575994474 5.90365370735526 5.0009380821138629 5.0685355067253113 6.0662642270326588 7.8885240107774726 26.19104066118598
leaf_count=134 141 106 36 190 135 36 182 257 892
internal_value=0 0.122176 0.185254 -0.0575764 0.00667083 0.314593 -0.0542019 -0.0835638 -0.0896557
internal_weight=0 23.5448 18.2703 56.156 16.1728 10.1602 11.0672 39.9832 34.0796
internal_count=2109 312 178 1797 458 72 317 1339 1149
is_linear=0
shrinkage=0.0921184


Tree=4
num_leaves=10
num_cat=0
split_feature=12 5 11 7 3 16 6 8 15
split_gain=49.8984 27.9537 36.5696 18.7409 10.3315 12.8338 2.53454 1.03439 0.407856
threshold=3.5354000000000005 0.0052497358966706719 3.6407500000000002 45.766322336588921 16.967996897616654 0.92682674253920749 -0.0026470385119780927 3.8030877500000004 0.94753014108769107
decision_type=10 2 10 10 10 10 2 10 10
left_child=1 -1 3 -3 5 -2 -7 -6 -9
right_child=4 2 -4 -5 7 6 -8 8 -10
leaf_value=-0.082879922083788568 0.11945348948524866 0.15652816939950318 0.28403076575758351 -0.089591926809958491 -0.046081047280355308 -0.0058631243278655263 -0.095316894013219008 -0.069986912037107551 -0.094762330948179624
leaf_weight=5.4739035815000561 5.5467769131064442 5.2729617804288882 9.4117051847279054 5.2286716513335705 5.6420172434300175 5.1025246065109977 5.6794834304600927 7.3746318537741926 23.949422661215067
leaf_count=132 136 61 61 58 190 137 185 257 892
internal_value=0 0.101486 0.152166 0.0339871 -0.0554332 0.00559223 -0.0529834 -0.0823896 -0.0889294
internal_weight=0 25.3872 19.9133 10.5016 53.2949 16.3288 10.782 36.9661 31.3241
internal_count=2109 312 180 119 1797 458 322 1339 1149
is_linear=0
shrinkage=0.0921184


Tree=5
num_leaves=9
num_cat=0
split_feature=5 16 17 1 2 1 5 6
split_gain=41.8027 30.3256 34.0415 9.9815 9.47913 9.47212 1.28974 0.000692072
threshold=0.0052497358966706719 0.9202363200795024 4.0393000000000008 42.325848460484004 65.311378771288432 27.880403070859668 0.0029245698703614783 -0.0015227401778136565
decision_type=2 10 2 2 2 2 2 2
left_child=3 2 -2 6 5 -3 7 -1
right_child=1 4 -4 -5 -6 -7 -8 -9
leaf_value=-0.095606480133007016 0.27379810755801326 -0.043528310351965298 0.016754598237777533 0.05136824513515275 -0.08143396964744222 0.13059038387132463 -0.045187221186131853 -0.094662577723155408
leaf_weight=9.7965656816959399 9.3239653445780295 5.1381150055676716 8.2322319056838733 5.0092106387019149 9.2004052158445102 5.4777060467749834 5.1796663645654908 20.1483214199543
leaf_count=299 93 149 151 152 218 93 163 791
internal_value=0 0.0651087 0.153268 -0.0702812 -0.0129966 0.046316 -0.0876299 -0.0949714
internal_weight=0 37.3724 17.5562 40.1338 19.8162 10.6158 35.1246 29.9449
internal_count=2109 704 244 1405 460 242 1253 1090
is_linear=0
shrinkage=0.0921184


Tree=6
num_leaves=10
num_cat=0
split_feature=5 16 0 17 1 16 2 5 6
split_gain=35.0808 22.1727 27.4174 13.312 9.54387 8.94791 1.76588 1.27736 0.000546677
threshold=0.0052497358966706719 0.9202363200795024 0.025289285714285827 4.036550000000001 42.683816040252644 0.9473846037144279 53.91250332771326 0.0028011267276425687 -0.0015227401778136565
decision_type=2 10 2 2 2 10 2 2 2
left_child=4 2 3 -2 7 6 -3 8 -1
right_child=1 5 -4 -5 -6 -7 -8 -9 -10
leaf_value=-0.095314837085810261 0.26835449993331822 -0.024627541613807254 -0.054480760666620547 0.084516279343090459 0.048907199030950518 0.060701514105713214 -0.097818403536954326 -0.044855827603770791 -0.0944362606549531
leaf_weight=8.9214130062609929 8.3218473792076129 5.0243753939867037 5.1392242442816487 5.5860720891505471 5.0876280702650538 8.2559322342276555 6.3108723871409893 5.1857776939868918 18.415064636617899
leaf_count=296 75 125 76 93 147 160 175 172 790
internal_value=0 0.056561 0.127333 0.194516 -0.0684177 -0.0122458 -0.0653764 -0.0867715 -0.094723
internal_weight=0 38.6383 19.0471 13.9079 37.6099 19.5912 11.3352 32.5223 27.3365
internal_count=2109 704 244 168 1405 460 300 1258 1086
is_linear=0
shrinkage=0.0921184


Tree=7
num_leaves=11
num_cat=0
split_feature=12 15 5 6 15 17 10 5 1 2
split_gain=30.5598 13.6541 20.167 10.409 9.25117 12.5938 4.66011 2.94888 1.23824 0.15937
threshold=3.5354000000000005 0.94561156761398868 0.0071366818538677714 -0.0015627298936420539 0.96562566032766195 4.073900000000001 3.7579500000000006 0.022487525956454788 40.702778929783697 82.192922413498039
decision_type=10 10 2 2 10 2 10 2 2 2
left_child=1 7 -3 4 5 -2 -4 -1 9 -5
right_child=3 2 6 8 -6 -7 -8 -9 -10 -11
leaf_value=0.039695126060966736 0.14486667890302446 -0.024924798966019991 0.13089557681853894 -0.094417597798114206 -0.095272549941141663 -0.046500427998513692 0.24754386364773931 -0.057225240274482392 -0.040904260127363937 -0.076118396956492113
leaf_weight=5.2033453937619942 6.0901044663041848 5.352077433839443 5.6280003339052183 20.20791517384351 5.1238070912659159 5.6029581595212221 6.0094894766807556 5.4584072716534138 5.0770901981741181 5.047382313758134
leaf_count=97 152 103 31 904 180 171 26 55 166 224
internal_value=0 0.0717898 0.123069 -0.0501874 0.00794173 0.0531694 0.191132 -0.00992437 -0.0824154 -0.0907604
internal_weight=0 27.6513 16.9896 47.1493 16.8169 11.6931 11.6375 10.6618 30.3324 25.2553
internal_count=2109 312 160 1797 503 323 57 152 1294 1128
is_linear=0
shrinkage=0.0921184


Tree=8
num_leaves=9
num_cat=0
split_feature=5 7 8 11 1 6 5 6
split_gain=26.9607 18.4509 14.9957 28.6156 8.82426 4.8347 1.26949 0.000626911
threshold=0.0052497358966706719 40.700443960969132 3.7019640000000003 3.6407500000000002 43.085343607853964 -0.0015627298936420539 0.0025406849870731616 -0.0015860636250003373
decision_type=2 10 10 10 2 2 2 2
left_child=4 -2 3 -3 6 -4 7 -1
right_child=1 2 5 -5 -6 -7 -8 -9
leaf_value=-0.095096686004717865 0.19347150509855451 -0.036429705546012124 0.027575713085176319 0.20011369307030458 0.044991362017919756 -0.081092179403274692 -0.043931479204667383 -0.094091866797311505
leaf_weight=7.9778306670486971 6.1457359772175542 8.9162907022982854 5.1730191893875572 8.4552836939692479 5.2088173795491448 10.579573838040233 5.149662857875227 15.517247997224331
leaf_count=291 79 103 127 37 141 358 190 783
internal_value=0 0.0468795 0.0196814 0.0787033 -0.0652987 -0.0454066 -0.085354 -0.0944331
internal_weight=0 39.2699 33.1242 17.3716 33.8536 15.7526 28.6447 23.4951
internal_count=2109 704 625 140 1405 485 1264 1074
is_linear=0
shrinkage=0.0921184


Tree=9
num_leaves=9
num_cat=0
split_feature=5 17 16 0 16 1 5 6
split_gain=23.068 14.4856 18.3354 13.2976 9.05459 8.77966 1.27117 0.000496447
threshold=0.0052497358966706719 4.0993500000000012 0.92071595322533828 0.023425000000000112 0.94616161311685731 43.466061584590371 0.0024088026953913047 -0.0015860636250003373
decision_type=2 2 10 2 8 2 2 2
left_child=5 2 3 -2 -4 6 7 -1
right_child=1 -3 4 -5 -6 -7 -8 -9
leaf_value=-0.09486938131059848 0.1987320505200269 -0.064673557496165324 -0.074156369214514947 0.019221354342989626 0.06890865225644191 0.047159134723057453 -0.043147287056881367 -0.093938412097351418
leaf_weight=7.3785668481141409 10.731035463511946 8.4667310845106822 7.4141096081584665 5.1979386601597062 7.6043130848556766 5.1221022307872763 5.1044347025454035 14.243837587535381
leaf_count=292 82 291 176 44 111 133 199 781
internal_value=0 0.042095 0.0713052 0.140154 -0.00171792 -0.0633218 -0.0844951 -0.0942561
internal_weight=0 39.4141 30.9474 15.929 15.0184 31.8489 26.7268 21.6224
internal_count=2109 704 413 126 287 1405 1272 1073
is_linear=0
shrinkage=0.0921184


Tree=10
num_leaves=9
num_cat=0
split_feature=5 7 8 15 1 5 11 6
split_gain=19.8138 12.3847 14.5097 16.4348 8.46655 1.27383 1.03702 0.000415204
threshold=0.0052497358966706719 41.889434006548996 3.8030877500000004 0.94561156761398868 44.325921941660283 0.0023549328320202263 3.9249000000000005 -0.0015860636250003373
decision_type=2 10 10 10 2 2 10 2
left_child=4 -2 3 -3 5 7 -4 -1
right_child=1 2 6 -5 -6 -7 -8 -9
leaf_value=-0.094680021756451377 0.13805527359940298 -0.054420380486093378 -0.095775494411872553 0.12183402719316952 0.046220173470229935 -0.042261901464044703 -0.039855157312450852 -0.093791423417329017
leaf_weight=6.7859427807852706 8.2955414950847608 6.9519754778593841 6.4008296709507686 12.672811379656194 5.1478077098727217 5.0481925969943395 5.0220350436866283 13.030289583839476
leaf_count=291 98 91 217 85 128 208 213 778
internal_value=0 0.0380675 0.011352 0.0593968 -0.0613095 -0.083572 -0.0711903 -0.0940957
internal_weight=0 39.3432 31.0477 19.6248 30.0122 24.8644 11.4229 19.8162
internal_count=2109 704 606 176 1405 1277 430 1069
is_linear=0
shrinkage=0.0921184


Tree=11
num_leaves=9
num_cat=0
split_feature=5 16 7 8 1 16 5 6
split_gain=16.9961 11.4771 12.726 13.6542 8.28022 6.74041 1.23529 0.000342005
threshold=0.0052497358966706719 0.92149653308634183 43.428086549955687 3.7019640000000003 44.819438676141026 0.9473846037144279 0.0021932514517018528 -0.0015860636250003373
decision_type=2 10 10 10 2 10 2 2
left_child=4 2 -2 -4 6 -3 7 -1
right_child=1 5 3 -5 -6 -7 -8 -9
leaf_value=-0.09451128568681802 0.20804803826028898 -0.077225884096169109 0.11189056040916524 -0.059207952923626281 0.046791413803086164 0.035429190868421431 -0.042719324232695824 -0.09366913097593442
leaf_weight=6.2554054958745917 5.0360977742821005 8.8369844192639011 9.4835521429777163 6.7929248325526705 5.118328519165515 9.197806114330886 5.123105874285101 11.832347713410854
leaf_count=290 37 270 64 173 122 160 226 767
internal_value=0 0.0343124 0.0800783 0.0404833 -0.0592638 -0.0197714 -0.0826504 -0.0939604
internal_weight=0 39.3474 21.3126 16.2765 28.3292 18.0348 23.2109 18.0878
internal_count=2109 704 274 237 1405 430 1283 1057
is_linear=0
shrinkage=0.0921184


Tree=12
num_leaves=8
num_cat=0
split_feature=5 17 15 7 1 5 6
split_gain=14.6179 9.8121 11.7927 18.1444 7.9211 1.23897 0.000308884
threshold=0.0052497358966706719 4.0993500000000012 0.94561156761398868 45.766322336588921 45.305472420280971 0.0020653134238003482 -0.0015860636250003373
decision_type=2 2 8 10 2 2 2
left_child=4 2 -2 -4 5 6 -1
right_child=1 -3 3 -5 -6 -7 -8
leaf_value=-0.094384479845347272 -0.035680023608109845 -0.061933901567020971 0.20194620778101044 0.028651097615397629 0.045338168969544373 -0.041731951500318297 -0.093548847576480187
leaf_weight=5.7458119066432181 8.9127256674692052 7.7171757090836755 7.902940912172201 14.596134911291299 5.1621255949139586 5.0529796667397013 10.826607038266959
leaf_count=288 113 291 81 219 118 235 764
internal_value=0 0.031133 0.0539975 0.0895221 -0.0571894 -0.0816634 -0.0938386
internal_weight=0 39.129 31.4118 22.4991 26.7875 21.6254 16.5724
internal_count=2109 704 413 300 1405 1287 1052
is_linear=0
shrinkage=0.0921184


Tree=13
num_leaves=9
num_cat=0
split_feature=16 7 8 15 8 6 1 2
split_gain=14.6495 11.6259 12.675 5.67093 5.14928 4.62533 1.50175 0.733192
threshold=0.92656805516226071 41.37382434189275 3.7254730000000005 0.94736162881036801 3.5881587500000003 -0.0028123228096502829 26.829202446529198 67.000300270242846
decision_type=10 10 10 10 10 2 2 2
left_child=1 -1 3 -3 -2 -6 -4 -7
right_child=4 2 6 -5 5 7 -8 -9
leaf_value=0.1678116339797707 0.02913203226660829 -0.0037390189913864245 -0.094744387389256335 0.11562066781112791 0.0083008407451185661 -0.095215219316799438 -0.024849359782993425 -0.060251118509451612
leaf_weight=5.1805515242740539 6.3553487993776789 5.3367945803329375 5.434657406061886 9.2018397301435453 6.0925431223586228 13.913604324683549 5.0162503179162741 8.0247128102928382
leaf_count=66 64 85 277 91 206 704 173 443
internal_value=0 0.0422197 0.0161834 0.0718065 -0.0457325 -0.0627063 -0.061196 -0.0824259
internal_weight=0 30.1701 24.9895 14.5386 34.3862 28.0309 10.4509 21.9383
internal_count=2109 692 626 176 1417 1353 450 1147
is_linear=0
shrinkage=0.0921184


Tree=14
num_leaves=7
num_cat=0
split_feature=15 15 12 15 15 7
split_gain=12.766 19.3124 13.9638 8.28925 6.17765 0.719314
threshold=0.96578544280641199 0.96431894718916633 3.5354000000000005 0.94561156761398868 0.94816362052797942 49.885520899512166
decision_type=10 8 10 10 10 10
left_child=1 2 3 -1 -4 -2
right_child=5 -3 4 -5 -6 -7
leaf_value=-0.026771643515462289 -0.056609921398495015 0.17450192337633849 0.0073146263649857919 0.092344011903276846 -0.094952049568823957 -0.098412149215122216
leaf_weight=7.7922424124553826 6.0179232778027645 5.883020866662263 8.0583847770467418 13.628014884889124 13.260823892429469 8.3258714741095883
leaf_count=87 273 145 372 108 662 462
internal_value=0 0.0180216 -0.00351768 0.0490122 -0.0562966 -0.0808741
internal_weight=0 48.6225 42.7395 21.4203 21.3192 14.3438
internal_count=2109 1374 1229 195 1034 735
is_linear=0
shrinkage=0.0921184


Tree=15
num_leaves=7
num_cat=0
split_feature=15 15 12 15 15 7
split_gain=11.2098 13.6629 11.9331 7.4845 5.87739 0.744071
threshold=0.96578544280641199 0.96431894718916633 3.5354000000000005 0.95845132266251409 0.94816362052797942 49.885520899512166
decision_type=10 8 10 8 10 10
left_child=1 2 3 -1 -4 -2
right_child=5 -3 4 -5 -6 -7
leaf_value=0.0094914735399658744 -0.054034074119666514 0.13847139905950487 0.0065935434184063941 0.12931233587548266 -0.094702050941035842 -0.097945859872480681
leaf_weight=15.078109190799298 5.7376377554610354 6.6850051367655388 8.1133520631119627 6.2605118583887807 12.124264492653309 7.6276342552155256
leaf_count=162 273 145 372 33 662 462
internal_value=0 0.0162379 -0.00341594 0.0446456 -0.0540922 -0.0790948
internal_weight=0 48.2612 41.5762 21.3386 20.2376 13.3653
internal_count=2109 1374 1229 195 1034 735
is_linear=0
shrinkage=0.0921184


Tree=16
num_leaves=7
num_cat=0
split_feature=15 15 4 8 8 7
split_gain=9.85022 11.9476 11.0109 10.2779 7.27254 0.767213
threshold=0.96578544280641199 0.95919985550988629 5.4784629381695016 3.80501975 3.7019640000000003 49.885520899512166
decision_type=10 10 10 10 8 10
left_child=1 2 -1 -3 -4 -2
right_child=5 3 4 -5 -6 -7
leaf_value=0.10203194694506387 -0.051467914459961447 0.15487205997493791 0.030199730163977985 -0.0077634226092398442 -0.069379158435197694 -0.097507534751280003
leaf_weight=5.7533412585034958 5.4812999274581653 7.9858694113790971 9.1385782063007372 5.6163868000730872 19.511620693840086 6.986193273216486
leaf_count=116 273 96 86 250 826 462
internal_value=0 0.0146335 -0.0142629 0.0877197 -0.0376164 -0.0772663
internal_weight=0 48.0058 34.4035 13.6023 28.6502 12.4675
internal_count=2109 1374 1028 346 912 735
is_linear=0
shrinkage=0.0921184


Tree=17
num_leaves=6
num_cat=0
split_feature=15 15 14 4 7
split_gain=8.66042 11.3156 9.35539 7.58421 0.788409
threshold=0.96578544280641199 0.96357406220217523 0.99353316010433312 5.4784629381695016 49.885520899512166
decision_type=10 10 8 10 10
left_child=1 2 -1 -4 -2
right_child=4 -3 3 -5 -6
leaf_value=-0.094584635584793658 -0.048920619630069204 0.14404045941040605 0.1116731418186612 -0.0016612572723285794 -0.097096509185652893
leaf_weight=7.6312383962795129 5.2469238573685271 5.0206670314073554 6.0619358085095874 28.887018523178995 6.3971011904068291
leaf_count=456 273 121 98 699 462
internal_value=0 0.0132424 -0.00218015 0.0179967 -0.0753879
internal_weight=0 47.6009 42.5802 34.949 11.644
internal_count=2109 1374 1253 797 735
is_linear=0
shrinkage=0.0921184


Tree=18
num_leaves=9
num_cat=0
split_feature=5 1 16 7 8 14 6 16
split_gain=7.67093 8.3413 5.46809 6.92751 6.80053 4.37 8.09101 0.000290326
threshold=0.0030513577977612357 43.085343607853964 0.92149653308634183 42.206043999221585 3.7019640000000003 1.0114607977040808 0.0011601938405077586 0.92837134781529851
decision_type=2 2 10 10 10 8 2 10
left_child=1 7 3 -2 -5 6 -4 -1
right_child=2 -3 5 4 -6 -7 -8 -9
leaf_value=-0.094070390513576144 0.13885295147536031 0.045473089125160453 0.076314269345644364 0.063665556885638894 -0.055799956824651588 -0.084316240722136393 -0.077104654170952733 -0.093180935330831494
leaf_weight=5.252809308003636 5.4307551123201874 5.1147276321426025 6.9743694849312323 10.976758543401958 6.4015210336074224 5.9695505276322356 5.014168162830174 7.6483729402534664
leaf_count=339 34 141 204 81 202 175 162 771
internal_value=0 -0.0540763 0.0181031 0.0480386 0.0196588 -0.0199187 0.0121473 -0.0935431
internal_weight=0 18.0159 40.7671 22.809 17.3783 17.9581 11.9885 12.9012
internal_count=2109 1251 858 317 283 541 366 1110
is_linear=0
shrinkage=0.0921184


Tree=19
num_leaves=6
num_cat=0
split_feature=15 15 14 9 3
split_gain=7.25474 9.46767 8.43821 5.28168 0.780443
threshold=0.96578544280641199 0.96391043774573359 0.99353316010433312 4.013300000000001 43.520837369748868
decision_type=10 10 8 2 10
left_child=1 2 -1 -4 -2
right_child=4 -3 3 -5 -6
leaf_value=-0.094406121310599375 -0.0479937769157327 0.12885909848238 0.033732816751151501 -0.0563336812942569 -0.0980964992517145
leaf_weight=7.1105686267837873 5.2996034566313011 5.1957299457862964 27.706378962378949 6.9013041122816494 5.2534802914597094
leaf_count=476 349 101 459 338 386
internal_value=0 0.0115973 -0.00300691 0.0157722 -0.0729356
internal_weight=0 46.914 41.7183 34.6077 10.5531
internal_count=2109 1374 1273 797 735
is_linear=0
shrinkage=0.0921184


Tree=20
num_leaves=5
num_cat=0
split_feature=15 11 15 14
split_gain=6.42434 7.20998 9.54694 7.89627
threshold=0.96795685456542613 3.9622500000000005 0.96431894718916633 0.99339723862518015
decision_type=10 10 10 8
left_child=1 2 3 -1
right_child=-2 -3 -4 -5
leaf_value=-0.094565890538416228 -0.083470202916907876 -0.093914680967966957 0.13088026705926831 0.021624950085739312
leaf_weight=5.8642235924489787 7.4542991872876874 5.2328042364679268 5.7728700190782538 32.306989090982825
leaf_count=382 618 396 100 613
internal_value=0 0.00830063 0.0204723 0.00377461
internal_weight=0 49.1769 43.9441 38.1712
internal_count=2109 1491 1095 995
is_linear=0
shrinkage=0.0921184


Tree=21
num_leaves=5
num_cat=0
split_feature=15 15 14 4
split_gain=5.93084 9.52964 6.886 5.40149
threshold=0.96578544280641199 0.96431894718916633 0.99353316010433312 5.4784629381695016
decision_type=10 10 8 10
left_child=1 2 -1 -4
right_child=-2 -3 3 -5
leaf_value=-0.094162971253451438 -0.07020149487567251 0.12973730638945322 0.085940512294535462 -0.0062815754667177584
leaf_weight=6.1997193438000968 9.4409872237592918 5.0212306156754485 6.6430881433188906 28.556028662249446
leaf_count=484 735 80 101 709
internal_value=0 0.00989207 -0.00464386 0.0111234
internal_weight=0 46.4201 41.3988 35.1991
internal_count=2109 1374 1294 810
is_linear=0
shrinkage=0.0921184


Tree=22
num_leaves=6
num_cat=0
split_feature=11 15 15 4 8
split_gain=5.42978 6.12838 6.62074 6.65864 6.29863
threshold=3.9622500000000005 0.96795685456542613 0.95891848544352454 5.4784629381695016 3.80501975
decision_type=10 10 10 10 10
left_child=1 2 3 -1 -4
right_child=-2 -3 4 -5 -6
leaf_value=0.077076279851216817 -0.093828426125411174 -0.080482180806117923 0.11169194847065624 -0.030360775765112629 -0.01462043597217549
leaf_weight=6.2097933245822814 5.1223564976826301 6.1422378448769441 9.6754759941250068 23.123484555166215 5.1242094039916983
leaf_count=91 438 576 105 702 197
internal_value=0 0.00572837 0.0177268 -0.00761658 0.0679578
internal_weight=0 50.2752 44.133 29.3333 14.7997
internal_count=2109 1671 1095 793 302
is_linear=0
shrinkage=0.0921184


Tree=23
num_leaves=8
num_cat=0
split_feature=16 9 13 11 7 6 5
split_gain=5.1031 7.47853 7.81207 6.64109 3.73458 3.1105 3.03373
threshold=0.92656805516226071 3.8302 1.0056888285138947 3.8670000000000004 45.766322336588921 0.0006667806608907672 0.010438607569732769
decision_type=10 2 8 10 10 2 2
left_child=1 -1 -3 -4 6 -6 -2
right_child=4 2 3 -5 5 -7 -8
leaf_value=0.10747022448590897 -0.042414280640686274 -0.078974806933771624 -0.027226199651701467 0.097101901945294403 -0.019305496252156024 -0.10369281013036465 0.055753539682340293
leaf_weight=6.8233344638720181 5.1839376864954847 7.5400043334811953 7.1126567618921381 7.4797995695844293 7.1225710478611273 7.7283109272830188 5.5114996768534184
leaf_count=65 352 409 90 128 500 498 67
internal_value=0 0.0231555 -0.00283829 0.0365019 -0.0333301 -0.0632202 0.00817289
internal_weight=0 28.9558 22.1325 14.5925 25.5463 14.8509 10.6954
internal_count=2109 692 627 218 1417 998 419
is_linear=0
shrinkage=0.0921184


Tree=24
num_leaves=5
num_cat=0
split_feature=15 15 14 9
split_gain=4.35396 6.5851 5.68204 3.91119
threshold=0.96578544280641199 0.96431894718916633 0.99353316010433312 4.013300000000001
decision_type=10 10 8 2
left_child=1 2 -1 -4
right_child=-2 -3 3 -5
leaf_value=-0.093948895810507069 -0.065675197266202134 0.10303251044513069 0.023688187650380482 -0.055089816850853686
leaf_weight=5.2940340125933281 8.0385122126899642 5.4325478179380289 27.83921381784603 6.6196544584818175
leaf_count=484 735 80 463 347
internal_value=0 0.00790399 -0.00509607 0.00855469
internal_weight=0 45.1855 39.7529 34.4589
internal_count=2109 1374 1294 810
is_linear=0
shrinkage=0.0921184


Tree=25
num_leaves=5
num_cat=0
split_feature=7 11 9 10
split_gain=4.33462 6.75117 5.64534 6.18748
threshold=37.470780889846843 3.9390000000000005 3.9358000000000004 3.7969500000000003
decision_type=10 8 2 10
left_child=-1 2 3 -2
right_child=1 -3 -4 -5
leaf_value=0.072437125020089657 0.01044632150525706 -0.095649050660479684 0.063573478385933163 -0.080186905517700247
leaf_weight=5.7466214271262279 20.860352050047371 7.0161663088947526 9.6743471170775575 9.2157828370109183
leaf_count=150 552 531 268 608
internal_value=0 -0.0123406 0.00236376 -0.0173251
internal_weight=0 46.7666 39.7505 30.0761
internal_count=2109 1959 1428 1160
is_linear=0
shrinkage=0.0921184


Tree=26
num_leaves=8
num_cat=0
split_feature=16 9 13 15 9 6 10
split_gain=4.09625 6.71481 5.96186 5.41334 4.04999 4.56786 0.178431
threshold=0.9252244717221042 3.8302 1.0056888285138947 0.95891848544352454 3.6131000000000006 -0.0020257228751711285 3.8376000000000006
decision_type=10 2 8 10 2 2 10
left_child=1 -1 -3 -4 -2 -6 -7
right_child=4 2 3 -5 5 6 -8
leaf_value=0.11414736895019527 0.026968056773225897 -0.075070364271395351 -0.012168706208579709 0.10524445249884065 0.0079784881799809543 -0.097986266715461456 -0.074838560986752845
leaf_weight=5.4175988696515587 7.7314645294100073 6.3816466489806798 8.8288158206269127 5.3521389751695088 6.671401697210972 6.4614149676635826 5.0222633669618517
leaf_count=48 251 366 158 55 266 293 672
internal_value=0 0.022909 -0.00112947 0.0321451 -0.0288667 -0.0526443 -0.0878629
internal_weight=0 25.9802 20.5626 14.181 25.8865 18.1551 11.4837
internal_count=2109 627 579 213 1482 1231 965
is_linear=0
shrinkage=0.0921184


Tree=27
num_leaves=6
num_cat=0
split_feature=15 17 0 7 14
split_gain=3.86348 4.1457 5.16957 5.8442 5.09015
threshold=0.96795685456542613 4.0989500000000012 0.023128571428571488 45.766322336588921 0.99353316010433312
decision_type=10 2 2 10 8
left_child=1 2 4 -4 -1
right_child=-2 -3 3 -5 -6
leaf_value=-0.023703990715113157 -0.077506241653692631 -0.053678577193120129 0.037424375600847673 -0.071283029605327633 0.078983293870655086
leaf_weight=5.6915193616878268 5.2651889838743946 8.1374579158145917 8.1045439369045216 8.7032642478588951 14.614784559234975
leaf_count=321 618 531 153 264 222
internal_value=0 0.00586758 0.0189234 -0.0188655 0.0502018
internal_weight=0 45.2516 37.1141 16.8078 20.3063
internal_count=2109 1491 960 417 543
is_linear=0
shrinkage=0.0921184


Tree=28
num_leaves=6
num_cat=0
split_feature=2 8 8 1 14
split_gain=3.42899 7.05634 4.87131 3.89581 2.62624
threshold=22.75590687264631 3.7254730000000005 3.6648027500000002 32.599468382935896 1.002882598290298
decision_type=2 10 10 2 10
left_child=-1 2 3 -2 -3
right_child=1 4 -4 -5 -6
leaf_value=0.048174183928509882 -0.057410840414742224 -0.025919703116028113 0.097092984041520697 0.031209715286007248 -0.097469992098546482
leaf_weight=9.1673525087535364 6.9548142068088117 9.6809245273470896 5.2808327665552488 10.663512257859109 7.9100103492382905
leaf_count=305 252 821 70 92 569
internal_value=0 -0.0142173 0.0194878 -0.00377315 -0.0580933
internal_weight=0 40.4901 22.8992 17.6183 17.5909
internal_count=2109 1804 414 344 1390
is_linear=0
shrinkage=0.0921184


Tree=29
num_leaves=5
num_cat=0
split_feature=15 15 4 8
split_gain=3.19536 5.10684 3.80909 4.71637
threshold=0.96578544280641199 0.96431894718916633 5.4784629381695016 3.7019640000000003
decision_type=10 10 10 10
left_child=1 2 -1 -4
right_child=-2 -3 3 -5
leaf_value=0.052372521655334583 -0.060876543846606228 0.089695863180062257 0.0099369268310597024 -0.065859168336595164
leaf_weight=7.6275253174826494 6.8599713144358239 5.4985834686085573 17.170405413489792 11.722400094149632
leaf_count=138 735 80 247 909
internal_value=0 0.00693179 -0.00552935 -0.0208151
internal_weight=0 42.0189 36.5203 28.8928
internal_count=2109 1374 1294 1156
is_linear=0
shrinkage=0.0921184


Tree=30
num_leaves=5
num_cat=0
split_feature=14 11 8 10
split_gain=3.08941 3.55815 3.98684 3.6945
threshold=0.99353316010433312 3.9622500000000005 4.0055200000000015 3.7969500000000003
decision_type=8 8 8 10
left_child=-1 2 3 -2
right_child=1 -3 -4 -5
leaf_value=-0.050863908554019656 0.029664632700567833 -0.054562227265586447 0.077659827903552858 -0.04394731847673794
leaf_weight=9.0881268940865976 15.848288463195788 6.3210724818054578 7.9606046290136865 9.1121909809298796
leaf_count=808 258 380 176 487
internal_value=0 0.00874072 0.0208953 0.0027915
internal_weight=0 39.2422 32.9211 24.9605
internal_count=2109 1301 921 745
is_linear=0
shrinkage=0.0921184


Tree=31
num_leaves=5
num_cat=0
split_feature=7 11 9 10
split_gain=3.12912 5.40676 4.62837 4.54449
threshold=37.470780889846843 3.9390000000000005 3.9358000000000004 3.7969500000000003
decision_type=10 8 2 8
left_child=-1 2 3 -2
right_child=1 -3 -4 -5
leaf_value=0.061881553160230106 0.0064128212160610753 -0.09554647601068629 0.059196240620480373 -0.077064800465231856
leaf_weight=5.675506606232374 19.850950668565932 5.5675498885102561 9.0134545704349858 7.6730544208548954
leaf_count=150 552 531 268 608
internal_value=0 -0.0109825 0.00190327 -0.0168588
internal_weight=0 42.105 36.5375 27.524
internal_count=2109 1959 1428 1160
is_linear=0
shrinkage=0.0921184


Tree=32
num_leaves=6
num_cat=0
split_feature=2 8 15 4 14
split_gain=2.84393 5.25401 5.51265 4.60077 1.16099
threshold=22.75590687264631 3.8030877500000004 0.94561156761398868 38.676391598711838 1.002882598290298
decision_type=2 10 8 10 10
left_child=-1 2 -2 -4 -3
right_child=1 4 3 -5 -6
leaf_value=0.043415528125629294 -0.059504269884106273 -0.037752447122871777 0.093671949743051111 -0.00025289496518313392 -0.094408069338342684
leaf_weight=9.3011625439394248 6.9290087455883649 7.070467356592415 7.3100241078063872 11.215189196169375 5.4236838694196194
leaf_count=305 93 770 121 275 545
internal_value=0 -0.0134226 0.0105917 0.0368097 -0.0623465
internal_weight=0 37.9484 25.4542 18.5252 12.4942
internal_count=2109 1804 489 396 1315
is_linear=0
shrinkage=0.0921184


Tree=33
num_leaves=6
num_cat=0
split_feature=16 10 14 4 4
split_gain=2.84719 4.07419 3.39784 3.81152 2.88807
threshold=0.9252244717221042 3.7969500000000003 1.0133942022796059 73.061294294813422 57.614354839752565
decision_type=8 8 10 10 8
left_child=1 -1 3 4 -2
right_child=2 -3 -4 -5 -6
leaf_value=0.09441326427366957 -0.0076906426131970393 -0.0071895600049865409 -0.083058422195391765 -0.072881740055029939 0.066657539853638689
leaf_weight=5.4957021842710647 15.536179515067493 8.5740257478319108 5.5055274593178174 5.4098891594912848 6.2041263005230567
leaf_count=69 728 409 268 439 196
internal_value=0 0.032497 -0.0170719 -0.00369108 0.0135264
internal_weight=0 14.0697 32.6557 27.1502 21.7403
internal_count=2109 478 1631 1363 924
is_linear=0
shrinkage=0.0921184


Tree=34
num_leaves=5
num_cat=0
split_feature=15 15 4 4
split_gain=2.76774 4.28528 2.90298 4.63994
threshold=0.96578544280641199 0.96431894718916633 5.4784629381695016 54.130642819320663
decision_type=8 8 10 10
left_child=1 2 -1 -4
right_child=-2 -3 3 -5
leaf_value=0.056485385673406496 -0.046297319723516694 0.083897665730834653 -0.057768607023318444 0.021048330449328585
leaf_weight=5.5453591886907843 9.5098511859541741 5.5674405191093674 12.279781330144035 13.099510798929257
leaf_count=122 800 80 497 610
internal_value=0 0.0094997 -0.00389435 -0.0170873
internal_weight=0 36.4921 30.9247 25.3793
internal_count=2109 1309 1229 1107
is_linear=0
shrinkage=0.0921184


Tree=35
num_leaves=5
num_cat=0
split_feature=14 14 6 4
split_gain=2.76654 3.12512 3.2599 2.72937
threshold=0.99353316010433312 1.002882598290298 0.0023170312656636189 5.4784629381695016
decision_type=8 8 2 8
left_child=-1 -2 3 -3
right_child=1 2 -4 -5
leaf_value=-0.049234839609898134 0.065236191649547179 0.032055930748844198 0.045130411235947375 -0.041662799238810493
leaf_weight=8.5335019149351847 6.8276330863591275 5.7762233722023728 8.3925479339668509 16.25595916621387
leaf_count=808 368 104 174 655
internal_value=0 0.00891383 -0.0037255 -0.0223358
internal_weight=0 37.2524 30.4247 22.0322
internal_count=2109 1301 933 759
is_linear=0
shrinkage=0.0921184


Tree=36
num_leaves=5
num_cat=0
split_feature=11 2 0 16
split_gain=2.4633 3.63563 4.50679 4.73914
threshold=3.9622500000000005 22.75590687264631 0.025232142857142852 0.91613619489116738
decision_type=8 2 2 10
left_child=1 -1 3 -3
right_child=-2 2 -4 -5
leaf_value=0.0619305314694499 -0.055778521187394327 0.07602312680077572 -0.064129157841463807 -0.01457844388803969
leaf_weight=8.0441953586414439 6.1996997396927318 7.1658817627467277 8.6355807972140592 15.487788752070626
leaf_count=222 503 103 322 959
internal_value=0 0.00669592 -0.00750442 0.0140809
internal_weight=0 39.3334 31.2893 22.6537
internal_count=2109 1606 1384 1062
is_linear=0
shrinkage=0.0921184


Tree=37
num_leaves=5
num_cat=0
split_feature=14 14 6 14
split_gain=2.37912 2.57223 2.58943 2.67159
threshold=0.99353316010433312 1.002882598290298 0.0023170312656636189 1.0133942022796059
decision_type=8 8 2 8
left_child=-1 -2 3 -3
right_child=1 2 -4 -5
leaf_value=-0.046803071879026513 0.058446389101770274 0.034996133763445708 0.040318168008113865 -0.039196829745420256
leaf_weight=8.1385897323489171 7.0096621774137011 5.5285043607000324 8.2677361433161405 16.147932494641282
leaf_count=808 368 219 174 540
internal_value=0 0.00821452 -0.00354431 -0.0202742
internal_weight=0 36.9538 29.9442 21.6764
internal_count=2109 1301 933 759
is_linear=0
shrinkage=0.0921184


Tree=38
num_leaves=5
num_cat=0
split_feature=15 15 3 11
split_gain=2.46879 3.5294 2.62239 4.16191
threshold=0.96578544280641199 0.96431894718916633 99.976773885614151 3.9283500000000005
decision_type=10 10 8 10
left_child=1 2 3 -1
right_child=-2 -3 -4 -5
leaf_value=-0.039201623709538093 -0.057026806612609081 0.074430220162108263 0.056511920243828326 0.037307899197582102
leaf_weight=19.487515254644681 5.9214239162392905 5.6075115110725156 5.0581988979829466 8.7388224889291433
leaf_count=654 735 80 187 453
internal_value=0 0.00682149 -0.00456869 -0.0155144
internal_weight=0 38.892 33.2845 28.2263
internal_count=2109 1374 1294 1107
is_linear=0
shrinkage=0.0921184


Tree=39
num_leaves=5
num_cat=0
split_feature=7 10 15 7
split_gain=2.31331 3.70879 3.85448 5.86906
threshold=37.470780889846843 3.9776000000000002 0.94561156761398868 45.766322336588921
decision_type=10 8 10 10
left_child=-1 2 -2 -4
right_child=1 -3 3 -5
leaf_value=0.053620432621403979 -0.049131368133096542 -0.078514172152198344 0.093643592395137698 -0.0071040652574274679
leaf_weight=5.6365166862960896 9.0362996943294984 5.6516281206859267 6.840479793027046 17.357002926873975
leaf_count=150 252 569 213 925
internal_value=0 -0.00952637 0.00220547 0.0213767
internal_weight=0 38.8854 33.2338 24.1975
internal_count=2109 1959 1390 1138
is_linear=0
shrinkage=0.0921184


Tree=40
num_leaves=5
num_cat=0
split_feature=15 15 4 2
split_gain=2.26199 2.655 2.32216 3.27797
threshold=0.96578544280641199 0.96431894718916633 5.4784629381695016 59.122629681106126
decision_type=10 10 10 2
left_child=1 2 -1 -4
right_child=-2 -3 3 -5
leaf_value=0.040308759596392914 -0.055539857132376885 0.064554920364679538 -0.060205422562671258 0.0088649011822631973
leaf_weight=7.7874213848263016 5.7136780220316714 5.7068101158365598 9.4009452047757822 15.352447461918926
leaf_count=138 735 80 551 605
internal_value=0 0.00659947 -0.00356441 -0.0173669
internal_weight=0 38.2476 32.5408 24.7534
internal_count=2109 1374 1294 1156
is_linear=0
shrinkage=0.0921184


Tree=41
num_leaves=5
num_cat=0
split_feature=14 11 2 15
split_gain=2.22437 2.39445 2.71413 4.54939
threshold=0.99353316010433312 3.9622500000000005 22.75590687264631 0.94561156761398868
decision_type=8 8 2 10
left_child=-1 2 -2 -4
right_child=1 -3 3 -5
leaf_value=-0.046102498438823608 0.074001483449933625 -0.04987243672396597 -0.052499488832352267 0.031830051846481917
leaf_weight=7.7676991041516876 5.9274949827231493 5.1501814875518894 8.0134476497769374 16.829406512202695
leaf_count=808 115 380 223 583
internal_value=0 0.00826186 0.0179921 0.00462825
internal_weight=0 35.9205 30.7703 24.8429
internal_count=2109 1301 921 806
is_linear=0
shrinkage=0.0921184


Tree=42
num_leaves=7
num_cat=0
split_feature=16 9 5 14 15 0
split_gain=2.03948 3.31669 2.97312 3.51596 1.13241 0.776408
threshold=0.92656805516226071 3.8175000000000003 0.0039697599614458585 0.99655981984211617 0.95891848544352454 0.024750000000000067
decision_type=8 2 2 10 10 2
left_child=1 -1 -2 4 -4 -5
right_child=2 -3 3 5 -6 -7
leaf_value=0.083847422221580134 -0.062366822600103296 -0.0069599950205396508 0.0098172633738469114 -0.061217625884736435 0.070851138512383977 -0.0099785462825342855
leaf_weight=5.4140829574316731 8.2366065697278845 9.2351928750285861 5.0536164070945251 5.0184284341521543 5.2693134974688292 5.0194081866648048
leaf_count=62 1027 481 75 225 144 95
internal_value=0 0.0266006 -0.0156673 0.00322418 0.0409719 -0.0355956
internal_weight=0 14.6493 28.5974 20.3608 10.3229 10.0378
internal_count=2109 543 1566 539 219 320
is_linear=0
shrinkage=0.0921184


Tree=43
num_leaves=7
num_cat=0
split_feature=1 1 3 13 1 0
split_gain=1.9224 3.29214 2.51548 4.36519 3.50857 2.50974
threshold=24.615614463988116 18.769910074428722 5.4419893399074004 0.99532682564806541 42.683816040252644 0.022778571428571381
decision_type=2 2 10 10 2 2
left_child=1 -1 4 -4 -2 -5
right_child=2 -3 3 5 -6 -7
leaf_value=0.020712557446663286 -0.0062138585844570375 -0.080520337110617707 -0.080420780173997036 0.059929388398348354 0.10189061171313775 -0.014083095658269169
leaf_weight=5.0011490890756232 5.0872563819866645 5.9922481854446232 5.274944732780571 6.5714019002625745 5.1032713605090976 9.5205479731084761
leaf_count=603 128 458 443 213 49 215
internal_value=0 -0.0344672 0.0102635 -0.0076976 0.0479233 0.0161411
internal_weight=0 10.9934 31.5574 21.3669 10.1905 16.0919
internal_count=2109 1061 1048 871 177 428
is_linear=0
shrinkage=0.0921184


Tree=44
num_leaves=5
num_cat=0
split_feature=15 2 0 8
split_gain=1.91545 2.62386 3.97499 4.05074
threshold=0.96795685456542613 22.75590687264631 0.025232142857142852 3.8030877500000004
decision_type=8 2 2 10
left_child=1 -1 3 -3
right_child=-2 2 -4 -5
leaf_value=0.053698798804281071 -0.046859208770103564 0.046455429531700343 -0.060695280995372594 -0.042389739669144735
leaf_weight=7.980616267072036 6.596130580874159 12.817471579182898 8.0576985763618705 6.5955388701986513
leaf_count=216 683 182 359 669
internal_value=0 0.00720264 -0.00630513 0.0162704
internal_weight=0 35.4513 27.4707 19.413
internal_count=2109 1426 1210 851
is_linear=0
shrinkage=0.0921184


Tree=45
num_leaves=6
num_cat=0
split_feature=14 14 7 15 7
split_gain=1.88736 1.93533 2.0347 3.94934 3.94193
threshold=0.99353316010433312 1.0016589872567598 44.360361235756322 0.94638830022935438 56.331145968613981
decision_type=8 8 10 8 10
left_child=-1 -2 3 -3 -4
right_child=1 2 4 -5 -6
leaf_value=-0.044150296736518074 0.056616839912180819 -0.030962197793719091 -0.070151854455714369 0.076435351016668582 0.018848647717759875
leaf_weight=7.1920427200384429 5.7292773521039626 5.3367682038806388 7.8701739825774011 6.3779627444455409 9.1125533358426747
leaf_count=808 336 86 411 150 318
internal_value=0 0.00773496 -0.00202402 0.0275093 -0.0223962
internal_weight=0 34.4267 28.6975 11.7147 16.9827
internal_count=2109 1301 965 236 729
is_linear=0
shrinkage=0.0921184


Tree=46
num_leaves=6
num_cat=0
split_feature=11 10 8 8 16
split_gain=1.84687 3.14266 2.49653 3.03939 0.977597
threshold=3.9622500000000005 3.9290500000000006 3.8026877500000005 3.6648027500000002 0.93134328358208973
decision_type=8 8 10 10 10
left_child=1 2 3 -1 -4
right_child=-2 -3 4 -5 -6
leaf_value=-0.014862019844156074 -0.052213498867435981 0.073936642400357744 -0.013289962645522931 0.057141808437076537 -0.070533136613440045
leaf_weight=12.605363634647807 5.2517614092212161 5.0120912321144706 5.0118307058000919 8.2179261008277518 5.1158707822905853
leaf_count=299 503 291 323 160 533
internal_value=0 0.00626692 -0.00469127 0.0135543 -0.0422056
internal_weight=0 35.9631 30.951 20.8233 10.1277
internal_count=2109 1606 1315 459 856
is_linear=0
shrinkage=0.0921184


Tree=47
num_leaves=6
num_cat=0
split_feature=1 1 5 13 3
split_gain=1.66094 2.30246 2.0824 3.20493 2.70585
threshold=24.615614463988116 18.962906196406056 0.022487525956454788 0.99532682564806541 25.951051319296884
decision_type=2 2 2 8 10
left_child=1 -1 3 -2 -5
right_child=2 -3 -4 4 -6
leaf_value=0.010522666845910718 -0.038239957271961098 -0.076704905364099837 -0.039184167157057678 0.078065843170669891 0.0080169619509177972
leaf_weight=5.1222316217608732 5.8410726357251468 5.149443129543215 5.9814713071100405 8.5757016523275542 10.299469305202363
leaf_count=621 489 440 112 147 300
internal_value=0 -0.0332067 0.00958698 0.0213899 0.0398428
internal_weight=0 10.2717 30.6977 24.7162 18.8752
internal_count=2109 1061 1048 936 447
is_linear=0
shrinkage=0.0921184


Tree=48
num_leaves=6
num_cat=0
split_feature=15 2 8 8 0
split_gain=1.71793 2.13225 3.6001 2.57297 1.44478
threshold=0.96795685456542613 22.75590687264631 3.7254730000000005 3.6648027500000002 0.022778571428571381
decision_type=8 2 10 8 2
left_child=1 -1 3 -3 -4
right_child=-2 2 4 -5 -6
leaf_value=0.048458974974024835 -0.045388017086140972 -0.021747485602390603 -0.014821827476317499 0.055598258282201392 -0.081408552612953017
leaf_weight=8.0577911463333276 6.2809776265057726 6.2191162339877346 6.0115259139565733 8.8337583350948989 5.1204331786138937
leaf_count=216 683 111 533 102 464
internal_value=0 0.00702092 -0.0057307 0.0236428 -0.0454501
internal_weight=0 34.2426 26.1848 15.0529 11.132
internal_count=2109 1426 1210 213 997
is_linear=0
shrinkage=0.0921184


Tree=49
num_leaves=6
num_cat=0
split_feature=14 14 7 14 7
split_gain=1.59294 1.79258 1.69506 3.32047 3.30633
threshold=0.99353316010433312 1.0016589872567598 44.360361235756322 1.0138075119364649 56.331145968613981
decision_type=8 8 10 10 10
left_child=-1 -2 3 -3 -4
right_child=1 2 4 -5 -6
leaf_value=-0.042011063230673849 0.054336298427441559 0.074774435742399378 -0.067412253348619916 -0.024365484672387656 0.016220526655349992
leaf_weight=6.7123398683033875 5.6749063573079175 5.6635674486169609 7.3387462801765677 5.8053211227525026 8.8470524441217986
leaf_count=808 336 77 411 159 318
internal_value=0 0.0071761 -0.00250146 0.0245918 -0.0216991
internal_weight=0 33.3296 27.6547 11.4689 16.1858
internal_count=2109 1301 965 236 729
is_linear=0
shrinkage=0.0921184


Tree=50
num_leaves=5
num_cat=0
split_feature=15 2 0 8
split_gain=1.62854 1.71114 3.24118 2.9824
threshold=0.96795685456542613 22.75590687264631 0.025232142857142852 3.8030877500000004
decision_type=8 2 2 10
left_child=1 -1 3 -3
right_child=-2 2 -4 -5
leaf_value=0.043473776945596489 -0.044731476574754216 0.04151601813433406 -0.057205439586197518 -0.038231131296700437
leaf_weight=8.2150259157642704 6.1215227466891511 12.339436623733496 7.2013011128874487 5.8738102590432382
leaf_count=216 683 182 359 669
internal_value=0 0.00692564 -0.00488821 0.0157974
internal_weight=0 33.6296 25.4145 18.2132
internal_count=2109 1426 1210 851
is_linear=0
shrinkage=0.0921184


Tree=51
num_leaves=5
num_cat=0
split_feature=1 5 15 7
split_gain=1.4276 5.97552 2.01074 3.33918
threshold=45.305472420280971 0.0030513577977612357 0.94561156761398868 45.766322336588921
decision_type=2 2 10 10
left_child=1 -1 -3 -4
right_child=-2 2 3 -5
leaf_value=-0.093796187279388543 0.03146062923605996 -0.033879723150875375 0.07850375551422055 -0.0042514443188154455
leaf_weight=5.8913870953256291 8.9043230861425382 6.6273823466617641 6.4579007152933654 11.51539795019198
leaf_count=1133 200 171 138 467
internal_value=0 -0.0104654 0.00949073 0.0254829
internal_weight=0 30.4921 24.6007 17.9733
internal_count=2109 1909 776 605
is_linear=0
shrinkage=0.0921184


Tree=52
num_leaves=6
num_cat=0
split_feature=15 1 15 6 16
split_gain=1.39005 1.5309 2.03199 2.37054 2.15257
threshold=0.96795685456542613 24.615614463988116 0.95919985550988629 7.1342909349178933e-05 0.92149653308634183
decision_type=8 2 10 2 8
left_child=1 -1 4 -4 -3
right_child=-2 2 3 -5 -6
leaf_value=-0.029232601678310995 -0.04226318303391835 0.032647600806313321 0.0893316360307332 0.0029627999507615124 -0.038769480501085841
leaf_weight=7.8201185489888294 5.8751941862283266 6.7487193017732361 5.5843518946203385 5.2149238215060905 7.630716427695007
leaf_count=647 683 168 76 141 394
internal_value=0 0.00636987 0.0174274 0.0476245 -0.00525121
internal_weight=0 32.9988 25.1787 10.7993 14.3794
internal_count=2109 1426 779 217 562
is_linear=0
shrinkage=0.0921184


Tree=53
num_leaves=5
num_cat=0
split_feature=14 14 6 14
split_gain=1.45222 1.47816 1.58624 2.06707
threshold=0.99353316010433312 1.0016589872567598 0.0023170312656636189 1.0195966659877731
decision_type=8 8 2 8
left_child=-1 -2 3 -3
right_child=1 2 -4 -5
leaf_value=-0.041290023576100024 0.050081096992153379 0.024272330729923918 0.034518887986624489 -0.038488247611563983
leaf_weight=6.3231499243411227 5.5852734281215808 6.962376202165621 7.3063468721811651 12.356700038537381
leaf_count=808 336 345 186 434
internal_value=0 0.00699547 -0.0020427 -0.01587
internal_weight=0 32.2107 26.6254 19.3191
internal_count=2109 1301 965 779
is_linear=0
shrinkage=0.0921184


Tree=54
num_leaves=5
num_cat=0
split_feature=7 0 8 11
split_gain=1.35135 2.08482 1.81103 2.54481
threshold=37.470780889846843 0.026064285714285734 3.7254730000000005 3.9283500000000005
decision_type=10 2 8 10
left_child=-1 2 -2 -4
right_child=1 -3 3 -5
leaf_value=0.042278885635919181 0.037550581133398001 -0.053165567793800231 -0.042961113135606785 0.028940086400572277
leaf_weight=5.3053936539217821 8.977457779808903 6.8233512443839563 10.180402147059796 7.0835315253934814
leaf_count=150 199 435 879 446
internal_value=0 -0.00780354 0.00399161 -0.0134595
internal_weight=0 33.0647 26.2414 17.2639
internal_count=2109 1959 1524 1325
is_linear=0
shrinkage=0.0921184


Tree=55
num_leaves=5
num_cat=0
split_feature=15 2 8 8
split_gain=1.24878 1.57813 2.66261 1.91235
threshold=0.96795685456542613 22.75590687264631 3.7254730000000005 3.6648027500000002
decision_type=8 2 10 8
left_child=1 -1 3 -3
right_child=-2 2 -4 -5
leaf_value=0.041514909430611119 -0.040628874746184075 -0.021374974486059014 -0.042289533464589406 0.047129492686896202
leaf_weight=8.0473603117279691 5.6934453015564932 5.7622537005227068 9.9140039683552441 8.6472621236462146
leaf_count=216 683 111 997 102
internal_value=0 0.00615368 -0.00554548 0.0197351
internal_weight=0 32.3709 24.3235 14.4095
internal_count=2109 1426 1210 213
is_linear=0
shrinkage=0.0921184


Tree=56
num_leaves=6
num_cat=0
split_feature=1 5 0 16 8
split_gain=1.21539 5.25822 1.58064 2.79772 1.66587
threshold=45.305472420280971 0.0030513577977612357 0.022778571428571381 0.95168887013396108 3.80501975
decision_type=2 2 2 8 8
left_child=1 -1 4 -4 -3
right_child=-2 2 3 -5 -6
leaf_value=-0.093765507372846058 0.029093686599815642 0.072559414790367885 -0.057057407947732681 0.032370476496024238 0.0024558039545818874
leaf_weight=5.2067125235334997 8.8340517070610058 5.0288821030408153 6.3346345582976911 5.5866751992143699 6.720346237765626
leaf_count=1133 200 75 287 64 350
internal_value=0 -0.00995275 0.00848321 -0.0151489 0.0324614
internal_weight=0 28.8773 23.6705 11.9213 11.7492
internal_count=2109 1909 776 351 425
is_linear=0
shrinkage=0.0921184


Tree=57
num_leaves=6
num_cat=0
split_feature=4 9 15 15 1
split_gain=1.28329 2.79125 3.55896 2.55492 1.13759
threshold=38.676391598711838 3.9622500000000005 0.96431894718916633 0.961175416408792 30.901392344340767
decision_type=10 2 8 8 2
left_child=1 2 -1 4 -2
right_child=3 -3 -4 -5 -6
leaf_value=-0.0036737220647702789 -0.028704417445649173 -0.044487355386597371 0.08654286197196398 -0.073623161767226414 0.029137769004810132
leaf_weight=8.7589765901211649 5.079040586191697 5.0530206363764583 6.4378942365874545 5.1550949859083621 6.6801517196581699
leaf_count=276 395 295 281 603 259
internal_value=0 0.0148238 0.034545 -0.0195504 0.00415452
internal_weight=0 20.2499 15.1969 16.9143 11.7592
internal_count=2109 852 557 1257 654
is_linear=0
shrinkage=0.0921184


Tree=58
num_leaves=6
num_cat=0
split_feature=14 14 7 7 14
split_gain=1.21804 1.42075 1.37597 2.72378 2.21088
threshold=0.99353316010433312 1.0016589872567598 44.360361235756322 56.331145968613981 1.0138075119364649
decision_type=8 8 10 8 10
left_child=-1 -2 4 -4 -3
right_child=1 2 3 -5 -6
leaf_value=-0.039503116383512109 0.049069086435789465 0.063015082130616573 -0.065693864823368642 0.014052400731417485 -0.020397282083822937
leaf_weight=5.8114259273861526 5.4677417437778812 5.5282036545686442 6.4776380329276408 8.2805843812529929 5.2641843036399223
leaf_count=808 336 77 411 318 159
internal_value=0 0.00645112 -0.00266897 -0.0209496 0.0223292
internal_weight=0 31.0184 25.5506 14.7582 10.7924
internal_count=2109 1301 965 729 236
is_linear=0
shrinkage=0.0921184


Tree=59
num_leaves=6
num_cat=0
split_feature=16 3 0 2 0
split_gain=1.23223 2.09257 2.60798 1.77631 1.33515
threshold=0.9252244717221042 65.91089199218942 0.019728571428571481 45.441150598170545 0.023371428571428571
decision_type=8 10 2 2 2
left_child=4 2 -2 -4 -1
right_child=1 -3 3 -5 -6
leaf_value=0.05416632764844307 0.060400462731096581 -0.056785595010689943 -0.048955159334130471 0.017242203349210002 -0.0095628063791235694
leaf_weight=6.0230926169897412 5.0286840589251431 6.5658135607372961 7.1491742047946882 6.629498616210185 5.1963871991611086
leaf_count=256 331 626 374 300 222
internal_value=0 -0.0120123 0.00361843 -0.0171048 0.0246497
internal_weight=0 25.3732 18.8074 13.7787 11.2195
internal_count=2109 1631 1005 674 478
is_linear=0
shrinkage=0.0921184


Tree=60
num_leaves=5
num_cat=0
split_feature=15 2 0 2
split_gain=1.27323 1.57596 2.43635 2.11885
threshold=0.96795685456542613 22.75590687264631 0.025232142857142852 60.122769530663994
decision_type=8 2 2 2
left_child=1 -1 3 -3
right_child=-2 2 -4 -5
leaf_value=0.042307080700678623 -0.041947579633675319 -0.029719392254714806 -0.054274552509828607 0.037995191242180572
leaf_weight=7.7896351939998594 5.415798215661197 6.2484940168797101 6.3352470415993585 10.528562625811899
leaf_count=216 683 376 359 475
internal_value=0 0.00647362 -0.00560348 0.0127754
internal_weight=0 30.9019 23.1123 16.7771
internal_count=2109 1426 1210 851
is_linear=0
shrinkage=0.0921184


Tree=61
num_leaves=5
num_cat=0
split_feature=3 13 1 0
split_gain=1.08715 2.94968 2.92556 1.72328
threshold=5.4419893399074004 1.0027149830663415 42.325848460484004 0.022778571428571381
decision_type=10 10 2 2
left_child=2 -2 -1 -3
right_child=1 3 -4 -5
leaf_value=-0.01769975509088572 -0.067347962661735122 0.035496568582148155 0.075500944473279985 -0.020891957272692878
leaf_weight=6.636351839930283 6.0837973998277475 8.9868437066907081 5.0198488540481776 9.4195010223193076
leaf_count=304 1124 327 53 301
internal_value=0 -0.0117403 0.022438 0.00663957
internal_weight=0 24.4901 11.6562 18.4063
internal_count=2109 1752 357 628
is_linear=0
shrinkage=0.0921184


Tree=62
num_leaves=6
num_cat=0
split_feature=15 6 8 15 7
split_gain=1.11906 1.42459 2.17375 2.44334 1.61497
threshold=0.96795685456542613 -0.0038672819314458564 3.7254730000000005 0.95891848544352454 50.822996704050247
decision_type=8 2 10 10 8
left_child=1 -1 3 -3 -4
right_child=-2 2 4 -5 -6
leaf_value=0.048648323583869821 -0.040223746068556152 -0.011913940780022478 -0.07350536428845629 0.063617643214963035 0.00027002453019997404
leaf_weight=5.4621787833166335 5.1970660318620494 8.904630589764567 5.0036965506733369 6.140389824868179 5.0681933201267393
leaf_count=160 683 139 399 92 636
internal_value=0 0.00601207 -0.00326004 0.0189131 -0.0363815
internal_weight=0 30.5791 25.1169 15.045 10.0719
internal_count=2109 1426 1266 231 1035
is_linear=0
shrinkage=0.0921184


Tree=63
num_leaves=5
num_cat=0
split_feature=14 14 1 11
split_gain=1.05574 1.2926 1.2386 2.19478
threshold=0.99353316010433312 1.0016589872567598 24.615614463988116 3.9283500000000005
decision_type=8 8 2 10
left_child=-1 -2 -3 -4
right_child=1 2 3 -5
leaf_value=-0.0381161981992372 0.046659039044033124 -0.040921481635024258 -0.011333055051848451 0.058265469626368326
leaf_weight=5.4160626704106098 5.4498542266082977 5.6174761412548859 13.613880208460616 5.3581599878380066
leaf_count=808 336 457 300 208
internal_value=0 0.00606931 -0.00292672 0.00832324
internal_weight=0 30.0394 24.5895 18.972
internal_count=2109 1301 965 508
is_linear=0
shrinkage=0.0921184


Tree=64
num_leaves=6
num_cat=0
split_feature=2 14 1 12 0
split_gain=0.972839 2.68086 2.25426 2.99451 1.51814
threshold=69.941938923412309 1.0341635701477199 44.325921941660283 3.5354000000000005 0.022224999999999929
decision_type=2 8 2 8 2
left_child=2 -2 3 -1 -5
right_child=1 -3 -4 4 -6
leaf_value=0.054311694200139343 -0.065981405898129133 0.018197140041787269 0.0642601532941387 0.0023569160609421512 -0.062645981872384196
leaf_weight=5.090528737055144 5.9809033730125494 6.9307387219741949 5.1769126872532061 6.1625902702216973 6.034218922664877
leaf_count=80 580 116 131 590 612
internal_value=0 -0.0207959 0.0109351 -0.00503372 -0.0298025
internal_weight=0 12.9116 22.4643 17.2873 12.1968
internal_count=2109 696 1413 1282 1202
is_linear=0
shrinkage=0.0921184


Tree=65
num_leaves=6
num_cat=0
split_feature=15 2 14 14 0
split_gain=0.943032 1.20452 2.4608 2.81229 2.08689
threshold=0.96795685456542613 69.941938923412309 1.0195966659877731 1.0005245184365668 0.023128571428571488
decision_type=8 2 8 10 2
left_child=1 2 3 -1 -3
right_child=-2 4 -4 -5 -6
leaf_value=-0.00072099658018551845 -0.037539439008148365 0.021686604558680638 -0.01900545610129371 0.09069713504086728 -0.06192417204357141
leaf_weight=5.5210362858488278 5.0364877843821878 5.0430289853829873 8.4439369767787849 5.9146750669460744 5.0899584139115177
leaf_count=495 683 259 279 170 223
internal_value=0 0.00553624 0.0187117 0.0465615 -0.0203124
internal_weight=0 30.0126 19.8796 11.4357 10.133
internal_count=2109 1426 944 665 482
is_linear=0
shrinkage=0.0921184


Tree=66
num_leaves=5
num_cat=0
split_feature=13 2 15 8
split_gain=0.994166 1.61646 2.9781 2.86204
threshold=0.99532682564806541 17.738742321799737 0.94561156761398868 3.8026877500000005
decision_type=8 2 8 10
left_child=-1 -2 -3 -4
right_child=1 2 3 -5
leaf_value=-0.038209951005838357 0.050704543067193096 -0.06032172191777728 0.037366640051206351 -0.043875556719004657
leaf_weight=5.0986021296121171 5.5388574147364151 6.0667034432990503 12.940400354156738 5.1416861662873989
leaf_count=593 137 210 299 870
internal_value=0 0.00582182 -0.00447265 0.0142652
internal_weight=0 29.6876 24.1488 18.0821
internal_count=2109 1516 1379 1169
is_linear=0
shrinkage=0.0921184


Tree=67
num_leaves=6
num_cat=0
split_feature=16 3 0 2 0
split_gain=1.01146 1.70909 2.22326 1.46011 0.886262
threshold=0.9252244717221042 65.91089199218942 0.019728571428571481 45.441150598170545 0.023128571428571488
decision_type=8 10 2 2 2
left_child=4 2 -2 -4 -1
right_child=1 -3 3 -5 -6
leaf_value=0.048197451212074159 0.054844199618148265 -0.054178243183378341 -0.047360069096158662 0.01491494913814095 -0.0050347160961259317
leaf_weight=5.5996265617432055 5.0384636801318328 5.9015212407393838 6.6398819516180065 6.1576621094427537 5.045374222099781
leaf_count=248 331 626 374 300 230
internal_value=0 -0.011207 0.00301113 -0.0173958 0.0229672
internal_weight=0 23.7375 17.836 12.7975 10.645
internal_count=2109 1631 1005 674 478
is_linear=0
shrinkage=0.0921184


Tree=68
num_leaves=5
num_cat=0
split_feature=15 10 0 8
split_gain=0.933311 1.31603 2.30716 1.4653
threshold=0.96578544280641199 3.9358000000000004 0.025232142857142852 3.7254730000000005
decision_type=8 8 2 8
left_child=1 2 3 -1
right_child=-2 -3 -4 -5
leaf_value=0.049083422483534055 -0.032800034772962859 0.04830127320079524 -0.050484148264439359 -0.0071662934434311362
leaf_weight=6.5178924477659264 6.2451319898245847 5.2195550473988979 6.2798992962343609 9.8973764742258918
leaf_count=78 800 502 203 526
internal_value=0 0.00659397 -0.0029981 0.0151684
internal_weight=0 27.9147 22.6952 16.4153
internal_count=2109 1309 807 604
is_linear=0
shrinkage=0.0921184


Tree=69
num_leaves=5
num_cat=0
split_feature=14 14 1 11
split_gain=0.945721 1.19069 1.19038 1.71755
threshold=0.99353316010433312 1.0016589872567598 24.615614463988116 3.9283500000000005
decision_type=8 8 2 10
left_child=-1 -2 -3 -4
right_child=1 2 3 -5
leaf_value=-0.037177982497505362 0.045227388741738365 -0.041573646198077234 -0.010058108720233107 0.051892115708804476
leaf_weight=5.0950618095230302 5.3211446607019779 5.2747282385244061 12.96805024991045 5.370354965038131
leaf_count=808 336 457 300 208
internal_value=0 0.00586214 -0.00300869 0.00808386
internal_weight=0 28.9343 23.6131 18.3384
internal_count=2109 1301 965 508
is_linear=0
shrinkage=0.0921184


Tree=70
num_leaves=5
num_cat=0
split_feature=16 2 10 0
split_gain=0.848903 2.21809 1.71924 1.45332
threshold=0.94120597891971458 22.75590687264631 3.7242500000000005 0.022500000000000065
decision_type=8 2 10 2
left_child=1 -1 -2 -3
right_child=2 3 -4 -5
leaf_value=0.060387087051794082 0.012969490042824923 0.022057193579235385 -0.045088786162037424 -0.045488949604188408
leaf_weight=5.783542579039934 9.0458150081685762 5.64830396522302 8.2989232662657724 5.1838194184820168
leaf_count=149 320 397 776 467
internal_value=0 0.0143257 -0.0148096 -0.0102677
internal_weight=0 16.6157 17.3447 10.8321
internal_count=2109 1013 1096 864
is_linear=0
shrinkage=0.0921184


Tree=71
num_leaves=5
num_cat=0
split_feature=17 9 10 9
split_gain=0.806165 1.45072 2.86503 2.478
threshold=4.0957000000000008 3.9358000000000004 3.7969500000000003 3.7874500000000002
decision_type=2 2 8 2
left_child=1 2 3 -1
right_child=-2 -3 -4 -5
leaf_value=-0.013913295993988309 -0.032912497600899961 0.041901545206890593 -0.064372474725527637 0.061838455648861188
leaf_weight=10.172736425534827 5.4718244014657094 7.0576391519280142 5.3841067154717157 5.727681190473958
leaf_count=515 594 255 634 111
internal_value=0 0.00570854 -0.00629253 0.0133742
internal_weight=0 28.3422 21.2845 15.9004
internal_count=2109 1515 1260 626
is_linear=0
shrinkage=0.0921184


Tree=72
num_leaves=5
num_cat=0
split_feature=15 6 8 1
split_gain=0.810823 1.00874 1.46971 1.7362
threshold=0.96578544280641199 -0.0038672819314458564 3.7254730000000005 32.599468382935896
decision_type=8 2 10 2
left_child=1 -1 3 -3
right_child=-2 2 -4 -5
leaf_value=0.041665948557873742 -0.031072139259082834 -0.022919037605798789 -0.031445716805713668 0.045304381907025487
leaf_weight=5.4532521852524978 6.0427610500482833 5.3978031473234314 8.9084200512152147 7.6536002131178975
leaf_count=151 800 141 944 73
internal_value=0 0.00620552 -0.00260032 0.0170885
internal_weight=0 27.4131 21.9598 13.0514
internal_count=2109 1309 1158 214
is_linear=0
shrinkage=0.0921184


Tree=73
num_leaves=5
num_cat=0
split_feature=16 3 0 15
split_gain=0.775892 1.55914 2.18707 1.2466
threshold=0.92149653308634183 65.91089199218942 0.019728571428571481 0.95891848544352454
decision_type=8 10 2 10
left_child=-1 2 -2 -4
right_child=1 -3 3 -5
leaf_value=0.02109202880677585 0.053433963809963132 -0.052038439407044383 -0.046856013120412543 0.011442914932349089
leaf_weight=9.9090978971507848 5.2735292884754079 5.6020975929859551 6.1487679425626975 6.3028273258532863
leaf_count=436 333 644 313 383
internal_value=0 -0.00967637 0.00371233 -0.0173459
internal_weight=0 23.3272 17.7251 12.4516
internal_count=2109 1673 1029 696
is_linear=0
shrinkage=0.0921184


Tree=74
num_leaves=5
num_cat=0
split_feature=15 10 15 16
split_gain=0.746331 0.954625 1.95527 2.19719
threshold=0.96578544280641199 3.9358000000000004 0.95919985550988629 0.91915015026712055
decision_type=8 8 10 8
left_child=1 2 3 -1
right_child=-2 -3 -4 -5
leaf_value=0.01412421823920804 -0.030066977900667032 0.040849145209032475 0.032021753240694999 -0.060706106516688972
leaf_weight=6.4398989946348637 5.9415716997755217 5.3491504694102323 8.4744587137247418 6.8943769216421069
leaf_count=128 800 502 229 450
internal_value=0 0.00597628 -0.00257719 -0.0245662
internal_weight=0 27.1579 21.8087 13.3343
internal_count=2109 1309 807 578
is_linear=0
shrinkage=0.0921184


Tree=75
num_leaves=5
num_cat=0
split_feature=17 4 16 4
split_gain=0.810338 1.27526 1.95705 1.75037
threshold=4.0957000000000008 38.676391598711838 0.91815887585134581 24.197325189186934
decision_type=2 10 10 8
left_child=1 3 -3 -1
right_child=-2 2 -4 -5
leaf_value=-0.00011607062303534427 -0.032989312235361549 0.023335044811457827 -0.049635775301675775 0.065229029316886011
leaf_weight=9.3603528573585209 5.4341995621507513 5.8298995827208255 6.7068769592733588 5.5357858360512191
leaf_count=424 594 146 764 181
internal_value=0 0.00594714 -0.0157026 0.0241678
internal_weight=0 27.4329 12.5368 14.8961
internal_count=2109 1515 910 605
is_linear=0
shrinkage=0.0921184


Tree=76
num_leaves=5
num_cat=0
split_feature=2 11 15 14
split_gain=0.754627 1.96263 2.44569 1.93572
threshold=69.941938923412309 3.5963000000000007 0.94816362052797942 1.0341635701477199
decision_type=2 8 8 8
left_child=1 -1 -3 -2
right_child=3 2 -4 -5
leaf_value=0.059219536934201053 -0.060761350328421428 0.036560282081183525 -0.036826496851335086 0.014928010309314611
leaf_weight=5.1684369743452434 5.2427759901620421 6.6206593059760026 9.2199839109671302 6.3279896841850141
leaf_count=208 580 268 937 116
internal_value=0 0.00992837 -0.0061542 -0.0193672
internal_weight=0 21.0091 15.8406 11.5708
internal_count=2109 1413 1205 696
is_linear=0
shrinkage=0.0921184


Tree=77
num_leaves=5
num_cat=0
split_feature=5 15 8 14
split_gain=0.789946 1.36512 2.88854 1.77688
threshold=0.022487525956454788 0.94816362052797942 3.80501975 0.995155849310288
decision_type=2 8 10 10
left_child=1 -1 3 -3
right_child=-2 2 -4 -5
leaf_value=0.040983465201671183 -0.033804591880703824 -0.010323228979161162 -0.064047947602300731 0.055079414807838095
leaf_weight=6.9498743297881473 5.0869982797885305 9.2691158038214798 5.4005468566901973 5.6881916469428679
leaf_count=380 112 379 1170 68
internal_value=0 0.00573285 -0.0063012 0.0145491
internal_weight=0 27.3077 20.3579 14.9573
internal_count=2109 1997 1617 447
is_linear=0
shrinkage=0.0921184


Tree=78
num_leaves=5
num_cat=0
split_feature=11 10 10 7
split_gain=0.734187 2.40796 1.31361 1.92488
threshold=3.9283500000000005 3.8089000000000004 3.7216000000000005 45.766322336588921
decision_type=10 10 10 10
left_child=1 2 3 -1
right_child=-2 -3 -4 -5
leaf_value=0.022529148071271547 0.022830410120987896 -0.064816528258818201 0.041480072125163796 -0.050142193642423033
leaf_weight=6.7893880678457261 8.4577591604611353 5.1064258408150627 6.138218894833698 5.6808765152527485
leaf_count=196 681 747 181 304
internal_value=0 -0.0087818 0.00659491 -0.0105766
internal_weight=0 23.7149 18.6085 12.4703
internal_count=2109 1428 681 500
is_linear=0
shrinkage=0.0921184


Tree=79
num_leaves=5
num_cat=0
split_feature=5 16 10 8
split_gain=0.729857 1.31116 1.55644 1.06845
threshold=0.022487525956454788 0.94120597891971458 3.7242500000000005 3.8935852500000006
decision_type=2 8 10 10
left_child=1 3 -3 -1
right_child=-2 2 -4 -5
leaf_value=0.0037341838170205097 -0.03274833691539486 0.014517122152160736 -0.044773338399081472 0.059514636914202244
leaf_weight=6.5468533269740927 5.0119550166418767 8.2787453848577552 6.8790414409013456 5.2512213880836498
leaf_count=326 112 301 765 605
internal_value=0 0.0055334 -0.0123906 0.0285616
internal_weight=0 26.9559 15.1578 11.7981
internal_count=2109 1997 1066 931
is_linear=0
shrinkage=0.0921184


Tree=80
num_leaves=5
num_cat=0
split_feature=2 14 9 16
split_gain=0.675948 1.57764 1.47995 1.72402
threshold=69.941938923412309 1.034671303374773 3.6951500000000004 0.92149653308634183
decision_type=2 8 2 8
left_child=2 -2 -1 -4
right_child=1 -3 3 -5
leaf_value=0.051904175017301331 -0.056795897296153891 0.012686353218960771 0.033234809159247723 -0.029631121359621704
leaf_weight=5.2052569297084181 5.0562362438649844 6.140915167517961 6.1080312535050298 9.3961983003537171
leaf_count=258 581 115 277 878
internal_value=0 -0.0186894 0.00940409 -0.00486452
internal_weight=0 11.1972 20.7095 15.5042
internal_count=2109 696 1413 1155
is_linear=0
shrinkage=0.0921184


Tree=81
num_leaves=5
num_cat=0
split_feature=11 10 10 11
split_gain=0.754223 2.16823 1.43479 0.811224
threshold=3.9283500000000005 3.7969500000000003 3.7216000000000005 3.5413000000000006
decision_type=10 10 8 10
left_child=1 2 3 -1
right_child=-2 -3 -4 -5
leaf_value=0.012697039340436173 0.023052307652800405 -0.055115588106816674 0.042113918872159282 -0.038743259154980086
leaf_weight=5.1977297560079112 8.4868435229873267 6.3105627553159129 6.5005441582761696 5.2083499532600399
leaf_count=86 681 774 182 386
internal_value=0 -0.00903812 0.00816075 -0.0130494
internal_weight=0 23.2172 16.9066 10.4061
internal_count=2109 1428 654 472
is_linear=0
shrinkage=0.0921184


Tree=82
num_leaves=5
num_cat=0
split_feature=13 6 14 16
split_gain=0.666322 1.59691 3.54173 2.04081
threshold=0.99532682564806541 0.00078127104146776514 1.0082248256709598 0.91413203931513176
decision_type=10 2 8 10
left_child=-1 2 -2 -3
right_child=1 3 -4 -5
leaf_value=-0.027022875316580108 0.069361443893380517 0.01855907030029658 -0.020754081927757635 -0.063295383947899186
leaf_weight=6.3808952443214393 7.6378216466255262 5.2854695956921187 7.1799771950754812 5.058340903284261
leaf_count=621 499 78 391 520
internal_value=0 0.00630644 0.0256959 -0.0214695
internal_weight=0 25.1616 14.8178 10.3438
internal_count=2109 1488 890 598
is_linear=0
shrinkage=0.0921184


Tree=83
num_leaves=5
num_cat=0
split_feature=10 0 4 4
split_gain=0.646572 1.38088 1.34452 1.71647
threshold=3.9358000000000004 0.025232142857142852 24.197325189186934 44.936573771746666
decision_type=10 2 8 10
left_child=1 2 -1 -4
right_child=-2 -3 3 -5
leaf_value=-0.034288498913822713 0.027331169189234301 -0.044279074225196474 0.062992733189464911 -0.0040649798175377049
leaf_weight=5.2407946343592 5.797851640963926 6.2725564474530975 5.1027343581954474 8.8691918274125765
leaf_count=289 706 295 190 629
internal_value=0 -0.00675134 0.00550068 0.0204254
internal_weight=0 25.4853 19.2127 13.9719
internal_count=2109 1403 1108 819
is_linear=0
shrinkage=0.0921184


Tree=84
num_leaves=5
num_cat=0
split_feature=15 2 15 8
split_gain=0.643065 0.727787 1.79546 1.34066
threshold=0.96578544280641199 22.75590687264631 0.94661536352476283 3.7254730000000005
decision_type=8 2 10 10
left_child=1 -1 -3 -4
right_child=-2 2 3 -5
leaf_value=0.030663718258514532 -0.029366318087791266 -0.046177719132472726 0.039277643899816583 -0.021739138281335363
leaf_weight=7.1300937704509186 5.3867637737566829 5.8591454084671595 7.7997143907123228 5.0239974054566119
leaf_count=197 800 338 129 645
internal_value=0 0.00562548 -0.00393007 0.0153729
internal_weight=0 25.813 18.6829 12.8237
internal_count=2109 1309 1112 774
is_linear=0
shrinkage=0.0921184


Tree=85
num_leaves=5
num_cat=0
split_feature=16 8 2 13
split_gain=0.679342 1.54557 1.46039 1.34132
threshold=0.94120597891971458 3.5881587500000003 22.75590687264631 1.0059538993878876
decision_type=8 10 2 10
left_child=2 3 -1 -2
right_child=1 -3 -4 -5
leaf_value=0.049940473787304082 -0.027180530133013605 -0.054302097030803985 -0.0086567386449409225 0.039524345831616146
leaf_weight=5.7736984103685272 5.0016087301773933 5.3121315508178659 9.6272394962143135 5.2360171396285295
leaf_count=149 165 883 864 48
internal_value=0 -0.0139845 0.0133109 0.00693557
internal_weight=0 15.5498 15.4009 10.2376
internal_count=2109 1096 1013 213
is_linear=0
shrinkage=0.0921184


Tree=86
num_leaves=5
num_cat=0
split_feature=5 13 1 2
split_gain=0.649199 1.27796 1.54641 1.6424
threshold=0.0030513577977612357 1.0048829696663597 29.901179136138776 66.339712918660254
decision_type=2 10 2 2
left_child=-1 -2 -3 -4
right_child=1 2 3 -5
leaf_value=-0.025473893372401829 0.048016292300362841 -0.043325318815938832 0.042902960526559682 -0.02298659559403653
leaf_weight=6.8164498953119645 5.0297538252198164 5.9040068138274391 7.2013252294855175 5.7924314616248012
leaf_count=1251 258 336 116 148
internal_value=0 0.00675068 -0.00423241 0.0135303
internal_weight=0 23.9275 18.8978 12.9938
internal_count=2109 858 600 264
is_linear=0
shrinkage=0.0921184


Tree=87
num_leaves=5
num_cat=0
split_feature=17 9 14 2
split_gain=0.670624 1.03146 2.05757 1.7527
threshold=4.0957000000000008 3.9358000000000004 0.995155849310288 65.937559804450515
decision_type=2 2 10 2
left_child=1 2 -1 -4
right_child=-2 -3 3 -5
leaf_value=-0.051919027779878779 -0.030795622710903022 0.036937259695307062 0.044763059407003494 -0.022581986791049447
leaf_weight=5.629620661595264 5.1239172828936708 6.6448485158616668 7.3102951187756826 5.9472623890178511
leaf_count=793 594 255 256 211
internal_value=0 0.00572176 -0.00526041 0.0145525
internal_weight=0 25.532 18.8872 13.2576
internal_count=2109 1515 1260 467
is_linear=0
shrinkage=0.0921184


Tree=88
num_leaves=4
num_cat=0
split_feature=16 14 13
split_gain=0.637643 1.46727 1.28787
threshold=0.94120597891971458 1.0195966659877731 1.0044798140688052
decision_type=8 8 10
left_child=1 -1 -2
right_child=2 -3 -4
leaf_value=0.043752745307102187 -0.051139926482895059 -0.013390428939814075 0.0056298473935835047
leaf_weight=7.0455852986924592 5.1635253919521338 8.3109207916422747 9.8784436587011424
leaf_count=621 804 392 292
internal_value=0 0.0128269 -0.0138578
internal_weight=0 15.3565 15.042
internal_count=2109 1013 1096
is_linear=0
shrinkage=0.0921184


Tree=89
num_leaves=5
num_cat=0
split_feature=1 5 4 3
split_gain=0.609034 1.42633 1.94948 0.421001
threshold=45.305472420280971 0.0052497358966706719 30.691916382632666 62.252811418566417
decision_type=2 2 10 8
left_child=1 -1 -3 -4
right_child=-2 2 3 -5
leaf_value=-0.048573842278801765 0.022034389593121598 -0.031748894273091667 0.050259327133588397 0.012488537925759663
leaf_weight=5.5444494146067944 7.6900077037280417 7.0971913582179722 5.0040168679552126 5.0126646564749544
leaf_count=1287 200 230 154 238
internal_value=0 -0.0079681 0.0051871 0.0313576
internal_weight=0 22.6583 17.1139 10.0167
internal_count=2109 1909 622 392
is_linear=0
shrinkage=0.0921184


Tree=90
num_leaves=4
num_cat=0
split_feature=13 6 14
split_gain=0.567127 1.27963 3.02418
threshold=0.99532682564806541 0.00078127104146776514 1.0082248256709598
decision_type=10 2 8
left_child=-1 2 -2
right_child=1 -3 -4
leaf_value=-0.025642297632880628 0.064598483282330102 -0.019786219306183489 -0.020041407576180118
leaf_weight=6.0234055407927398 7.3714411570399543 9.750656643547698 6.968672029179289
leaf_count=621 499 598 391
internal_value=0 0.00596051 0.0234672
internal_weight=0 24.0908 14.3401
internal_count=2109 1488 890
is_linear=0
shrinkage=0.0921184


Tree=91
num_leaves=4
num_cat=0
split_feature=16 8 2
split_gain=0.631846 1.26302 1.96462
threshold=0.94120597891971458 3.8953590000000005 62.144739527413691
decision_type=10 10 2
left_child=1 2 -1
right_child=-2 -3 -4
leaf_value=-0.03983466144225016 -0.021157997773204821 0.045465267375089061 0.025726783145746297
leaf_weight=7.3674811678793111 8.7618045143317413 5.6699792724248246 8.1903820894949586
leaf_count=290 947 633 239
internal_value=0 0.00824475 -0.00532007
internal_weight=0 21.2278 15.5579
internal_count=2109 1162 529
is_linear=0
shrinkage=0.0921184


Tree=92
num_leaves=5
num_cat=0
split_feature=17 9 14 2
split_gain=0.527822 0.932608 1.83822 1.53374
threshold=4.0817000000000005 3.9358000000000004 0.995155849310288 65.937559804450515
decision_type=2 2 10 2
left_child=1 2 -1 -4
right_child=-2 -3 3 -5
leaf_value=-0.050349722509612879 -0.026348237061500385 0.036737719628934948 0.042287039808857341 -0.021065980476643636
leaf_weight=5.3566658523050235 5.4212095578841391 6.0694602339062831 7.187874392475349 5.9080654326244257
leaf_count=793 633 216 256 211
internal_value=0 0.00541415 -0.00488884 0.0137061
internal_weight=0 24.5221 18.4526 13.0959
internal_count=2109 1476 1260 467
is_linear=0
shrinkage=0.0921184


Tree=93
num_leaves=5
num_cat=0
split_feature=15 7 7 4
split_gain=0.547946 0.918939 1.56339 1.26312
threshold=0.96578544280641199 50.471034628502444 57.511473522740779 10.557430962639382
decision_type=8 10 10 8
left_child=1 3 -3 -1
right_child=-2 2 -4 -5
leaf_value=0.020633499191433438 -0.028051793587477329 0.05995911681331096 -0.007781454933313274 -0.03696352004913208
leaf_weight=5.8063581878668673 5.0275740859433418 5.4752656375931092 6.1255275121075101 7.2845252585975695
leaf_count=140 800 362 368 439
internal_value=0 0.00531233 0.0241903 -0.0114168
internal_weight=0 24.6917 11.6008 13.0909
internal_count=2109 1309 730 579
is_linear=0
shrinkage=0.0921184


Tree=94
num_leaves=4
num_cat=0
split_feature=13 6 14
split_gain=0.515307 1.11205 2.59484
threshold=0.99532682564806541 0.00078127104146776514 1.0082248256709598
decision_type=10 2 8
left_child=-1 2 -2
right_child=1 -3 -4
leaf_value=-0.024753451834062946 0.060253632310119876 -0.018522434605162529 -0.018509357496645725
leaf_weight=5.8765246555703952 7.3208958831965001 9.5957844450895191 6.8899109738122215
leaf_count=621 499 598 391
internal_value=0 0.00570621 0.0220665
internal_weight=0 23.8066 14.2108
internal_count=2109 1488 890
is_linear=0
shrinkage=0.0921184


Tree=95
num_leaves=4
num_cat=0
split_feature=16 16 15
split_gain=0.573117 0.990358 0.959819
threshold=0.94120597891971458 0.89522527112599193 0.94816362052797942
decision_type=10 10 8
left_child=1 -1 -3
right_child=-2 2 -4
leaf_value=-0.015362973516241937 -0.02045408329524465 0.047596865003937484 -0.004835910005206218
leaf_weight=8.9559098715544732 8.5287791301016096 6.8910997897910393 5.1968580830580331
leaf_count=220 947 342 600
internal_value=0 0.00785377 0.025055
internal_weight=0 21.0439 12.088
internal_count=2109 1162 942
is_linear=0
shrinkage=0.0921184


Tree=96
num_leaves=4
num_cat=0
split_feature=1 4 6
split_gain=0.533136 1.2415 1.55791
threshold=45.305472420280971 24.197325189186934 0.00078127104146776514
decision_type=2 10 2
left_child=1 -1 -3
right_child=-2 2 -4
leaf_value=-0.036846009677484109 0.020677535955740779 0.046756301166288254 -0.015938670276740289
leaf_weight=7.8861362201132641 7.6322694393456905 5.5565583405114003 8.5209742266524682
leaf_count=555 200 614 740
internal_value=0 -0.00758441 0.00880773
internal_weight=0 21.9637 14.0775
internal_count=2109 1909 1354
is_linear=0
shrinkage=0.0921184


Tree=97
num_leaves=4
num_cat=0
split_feature=16 8 0
split_gain=0.476452 0.831908 0.852979
threshold=0.94120597891971458 3.6648027500000002 0.023371428571428571
decision_type=10 10 2
left_child=1 -1 -3
right_child=-2 2 -4
leaf_value=-0.016320592708616757 -0.018836497510577706 0.042783271769510238 -0.0043469960041227331
leaf_weight=8.0066726451623307 8.4087193194936827 7.1645230289723241 5.9771690679481253
leaf_count=229 947 501 432
internal_value=0 0.00708638 0.0213473
internal_weight=0 21.1484 13.1417
internal_count=2109 1162 933
is_linear=0
shrinkage=0.0921184


Tree=98
num_leaves=5
num_cat=0
split_feature=5 13 1 8
split_gain=0.525523 1.10168 1.33867 1.23541
threshold=0.0030513577977612357 1.0050524175340878 29.901179136138776 3.7019640000000003
decision_type=2 10 2 10
left_child=-1 -2 -3 -4
right_child=1 2 3 -5
leaf_value=-0.023875480967098333 0.043837964172915474 -0.042382555966924668 0.042007073736306508 -0.015847016652318094
leaf_weight=6.293809655224325 5.1241978485195459 5.5149723112408564 6.0534914038144034 6.490149840770755
leaf_count=1251 274 321 66 197
internal_value=0 0.00613971 -0.00455731 0.012073
internal_weight=0 23.1828 18.0586 12.5436
internal_count=2109 858 584 263
is_linear=0
shrinkage=0.0921184


Tree=99
num_leaves=4
num_cat=0
split_feature=11 10 10
split_gain=0.506261 2.00511 1.12372
threshold=3.9283500000000005 3.7969500000000003 3.7216000000000005
decision_type=10 10 8
left_child=1 2 -1
right_child=-2 -3 -4
leaf_value=-0.011053010729722208 0.01921915048865867 -0.05540205306389849 0.03938567599462315
leaf_weight=9.3792407553410193 8.1676108474784979 5.5389960107786456 6.2431004692334691
leaf_count=472 681 774 182
internal_value=0 -0.00778079 0.00910362
internal_weight=0 21.1613 15.6223
internal_count=2109 1428 654
is_linear=0
shrinkage=0.0921184


end of trees

feature_importances:
Min_100_Max_100_ratio=72
MA_50_200_ratio=46
MA_200=38
ADX=36
Min_200_Max_200_ratio=35
STOCH_%K=31
MACD_Signal=29
Ultimate_Osc=29
MACD_Hist=27
ATR=25
Min_100=22
STOCHRSI_%D=20
Min_50=20
MA_10_50_ratio=16
Min_21=14
STOCHRSI_%K=12
High_14=10
Min_200=9

parameters:
[boosting: gbdt]
[objective: binary]
[metric: binary_logloss]
[tree_learner: serial]
[device_type: cpu]
[data_sample_strategy: bagging]
[data: ]
[valid: ]
[num_iterations: 100]
[learning_rate: 0.0921184]
[num_leaves: 41]
[num_threads: 8]
[seed: 0]
[deterministic: 0]
[force_col_wise: 0]
[force_row_wise: 0]
[histogram_pool_size: -1]
[max_depth: 4]
[min_data_in_leaf: 20]
[min_sum_hessian_in_leaf: 5]
[bagging_fraction: 1]
[pos_bagging_fraction: 1]
[neg_bagging_fraction: 1]
[bagging_freq: 0]
[bagging_seed: 3]
[feature_fraction: 1]
[feature_fraction_bynode: 1]
[feature_fraction_seed: 2]
[extra_trees: 0]
[extra_seed: 6]
[early_stopping_round: 0]
[early_stopping_min_delta: 0]
[first_metric_only: 0]
[max_delta_step: 0]
[lambda_l1: 0]
[lambda_l2: 0]
[linear_lambda: 0]
[min_gain_to_split: 0]
[drop_rate: 0.1]
[max_drop: 50]
[skip_drop: 0.5]
[xgboost_dart_mode: 0]
[uniform_drop: 0]
[drop_seed: 4]
[top_rate: 0.2]
[other_rate: 0.1]
[min_data_per_group: 100]
[max_cat_threshold: 32]
[cat_l2: 10]
[cat_smooth: 10]
[max_cat_to_onehot: 4]
[top_k: 20]
[monotone_constraints: ]
[monotone_constraints_method: basic]
[monotone_penalty: 0]
[feature_contri: ]
[forcedsplits_filename: ]
[refit_decay_rate: 0.9]
[cegb_tradeoff: 1]
[cegb_penalty_split: 0]
[cegb_penalty_feature_lazy: ]
[cegb_penalty_feature_coupled: ]
[path_smooth: 0]
[interaction_constraints: ]
[verbosity: 1]
[saved_feature_importance_type: 0]
[use_quantized_grad: 0]
[num_grad_quant_bins: 4]
[quant_train_renew_leaf: 0]
[stochastic_rounding: 1]
[linear_tree: 0]
[max_bin: 255]
[max_bin_by_feature: ]
[min_data_in_bin: 3]
[bin_construct_sample_cnt: 200000]
[data_random_seed: 1]
[is_enable_sparse: 1]
[enable_bundle: 1]
[use_missing: 1]
[zero_as_missing: 0]
[feature_pre_filter: 1]
[pre_partition: 0]
[two_round: 0]
[header: 0]
[label_column: ]
[weight_column: ]
[group_column: ]
[ignore_column: ]
[categorical_feature: ]
[forcedbins_filename: ]
[precise_float_parser: 0]
[parser_config_file: ]
[objective_seed: 5]
[num_class: 1]
[is_unbalance: 0]
[scale_pos_weight: 1]
[sigmoid: 1]
[boost_from_average: 1]
[reg_sqrt: 0]
[alpha: 0.9]
[fair_c: 1]
[poisson_max_delta_step: 0.7]
[tweedie_variance_power: 1.5]
[lambdarank_truncation_level: 30]
[lambdarank_norm: 1]
[label_gain: ]
[lambdarank_position_bias_regularization: 0]
[eval_at: ]
[multi_error_top_k: 1]
[auc_mu_weights: ]
[num_machines: 1]
[local_listen_port: 12400]
[time_out: 120]
[machine_list_filename: ]
[machines: ]
[gpu_platform_id: -1]
[gpu_device_id: -1]
[gpu_use_dp: 0]
[num_gpu: 1]

end of parameters

pandas_categorical:[]
